6343
1424
6242
1333
6545
0440
6151
4041
7441
0541
6050
4123
4232
2314
7655
1121
7152
0122
5040
0001
5141
0220
7261
1425
7371
0627
4131
2132
7160
2241
6070
3243
3120
4352
6152
2746
5241
0141
7060
4665
6050
4145
6454
2514
5060
4540
6051
4041
5152
6544
5253
4151
7252
4432
5364
5161
5563
3244
5251
6160
5101
0313
0107
6063
6455
6365
5546
1535
4657
6575
0717
4436
5756
1423
5647
3655
6655
2314
4757
7555
5766
5554
1716
5464
6657
6454
1656
1436
5654
1323
7776
3654
7656
3545
5606
1222
0600
5465
0010
6510
5747
1065
4737
6521
3746
2176
4645
7667
4536
2312
2010
1221
1000Q
2232
0070
2112
